Freq.	V(ampout)
1.00000000000000e-03	1.00000035762787e+00,2.95309703151969e-03
1.02329299228075e-03	1.00000047683716e+00,3.02188349514009e-03
1.04712854805090e-03	1.00000023841858e+00,3.09227220111370e-03
1.07151930523761e-03	1.00000047683716e+00,3.16430047045069e-03
1.09647819614318e-03	1.00000059604645e+00,3.23800649347307e-03
1.12201845430196e-03	1.00000059604645e+00,3.31342935016966e-03
1.14815362149688e-03	1.00000059604645e+00,3.39060903055126e-03
1.17489755493953e-03	1.00000047683716e+00,3.46958645638202e-03
1.20226443461741e-03	1.00000059604645e+00,3.55040350246100e-03
1.23026877081238e-03	1.00000047683716e+00,3.63310301909475e-03
1.25892541179417e-03	1.00000059604645e+00,3.71772885446407e-03
1.28824955169313e-03	1.00000083446503e+00,3.80432587852596e-03
1.31825673855641e-03	1.00000071525574e+00,3.89294000593626e-03
1.34896288259165e-03	1.00000059604645e+00,3.98361822130153e-03
1.38038426460288e-03	1.00000059604645e+00,4.07640860297513e-03
1.41253754462275e-03	1.00000071525574e+00,4.17136034995031e-03
1.44543977074593e-03	1.00000095367432e+00,4.26852380655622e-03
1.47910838816821e-03	1.00000083446503e+00,4.36795049027736e-03
1.51356124843621e-03	1.00000071525574e+00,4.46969311848784e-03
1.54881661891248e-03	1.00000083446503e+00,4.57380563632372e-03
1.58489319246111e-03	1.00000095367432e+00,4.68034324542896e-03
1.62181009735893e-03	1.00000095367432e+00,4.78936243360123e-03
1.65958690743756e-03	1.00000107288361e+00,4.90092100412016e-03
1.69824365246174e-03	1.00000095367432e+00,5.01507810661079e-03
1.73780082874937e-03	1.00000131130219e+00,5.13189426880697e-03
1.77827941003892e-03	1.00000119209290e+00,5.25143142799717e-03
1.81970085860998e-03	1.00000131130219e+00,5.37375296421723e-03
1.86208713666287e-03	1.00000143051147e+00,5.49892373397255e-03
1.90546071796324e-03	1.00000143051147e+00,5.62701010433079e-03
1.94984459975804e-03	1.00000143051147e+00,5.75807998833810e-03
1.99526231496888e-03	1.00000166893005e+00,5.89220288064708e-03
2.04173794466953e-03	1.00000178813934e+00,6.02944989505058e-03
2.08929613085404e-03	1.00000178813934e+00,6.16989380148602e-03
2.13796208950223e-03	1.00000166893005e+00,6.31360906521035e-03
2.18776162394955e-03	1.00000190734863e+00,6.46067188549842e-03
2.23872113856834e-03	1.00000214576721e+00,6.61116023714720e-03
2.29086765276777e-03	1.00000226497650e+00,6.76515391065652e-03
2.34422881531992e-03	1.00000202655792e+00,6.92273455548022e-03
2.39883291901949e-03	1.00000226497650e+00,7.08398572264211e-03
2.45470891568503e-03	1.00000226497650e+00,7.24899290962824e-03
2.51188643150958e-03	1.00000238418579e+00,7.41784360474981e-03
2.57039578276886e-03	1.00000250339508e+00,7.59062733505301e-03
2.63026799189538e-03	1.00000274181366e+00,7.76743571237595e-03
2.69153480392691e-03	1.00000286102295e+00,7.94836248247611e-03
2.75422870333816e-03	1.00000309944153e+00,8.13350357479299e-03
2.81838293126445e-03	1.00000333786011e+00,8.32295715348136e-03
2.88403150312660e-03	1.00000345706940e+00,8.51682366844450e-03
2.95120922666638e-03	1.00000369548798e+00,8.71520591070838e-03
3.01995172040201e-03	1.00000369548798e+00,8.91820906419607e-03
3.09029543251358e-03	1.00000381469727e+00,9.12594076327245e-03
3.16227766016837e-03	1.00000381469727e+00,9.33851115002424e-03
3.23593656929628e-03	1.00000417232513e+00,9.55603293122239e-03
3.31131121482590e-03	1.00000464916229e+00,9.77862143951964e-03
3.38844156139202e-03	1.00000476837158e+00,1.00063946933774e-02
3.46736850452531e-03	1.00000488758087e+00,1.02394734609104e-02
3.54813389233575e-03	1.00000524520874e+00,1.04779813226722e-02
3.63078054770101e-03	1.00000548362732e+00,1.07220447381466e-02
3.71535229097172e-03	1.00000572204590e+00,1.09717931119216e-02
3.80189396320560e-03	1.00000572204590e+00,1.12273588633572e-02
3.89045144994280e-03	1.00000619888306e+00,1.14888774956174e-02
3.98107170553496e-03	1.00000667572021e+00,1.17564876687269e-02
4.07380277804112e-03	1.00000679492950e+00,1.20303312719907e-02
4.16869383470334e-03	1.00000715255737e+00,1.23105534996979e-02
4.26579518801592e-03	1.00000739097595e+00,1.25973029283060e-02
4.36515832240165e-03	1.00000786781311e+00,1.28907315950030e-02
4.46683592150962e-03	1.00000822544098e+00,1.31909950778567e-02
4.57088189614874e-03	1.00000870227814e+00,1.34982525797761e-02
4.67735141287197e-03	1.00000882148743e+00,1.38126670106731e-02
4.78630092322637e-03	1.00000965595245e+00,1.41344050756583e-02
4.89778819368445e-03	1.00000989437103e+00,1.44636373628144e-02
5.01187233627271e-03	1.00001025199890e+00,1.48005384336161e-02
5.12861383991363e-03	1.00001084804535e+00,1.51452869153612e-02
5.24807460249771e-03	1.00001132488251e+00,1.54980655956142e-02
5.37031796370251e-03	1.00001180171967e+00,1.58590615209904e-02
5.49540873857623e-03	1.00001239776611e+00,1.62284660928699e-02
5.62341325190347e-03	1.00001287460327e+00,1.66064751723222e-02
5.75439937337155e-03	1.00001347064972e+00,1.69932891815379e-02
5.88843655355587e-03	1.00001430511475e+00,1.73891132126713e-02
6.02559586074356e-03	1.00001513957977e+00,1.77941571312829e-02
6.16595001861480e-03	1.00001561641693e+00,1.82086356953468e-02
6.30957344480191e-03	1.00001645088196e+00,1.86327686617636e-02
6.45654229034654e-03	1.00001716613770e+00,1.90667809085440e-02
6.60693448007594e-03	1.00001788139343e+00,1.95109025497924e-02
6.76082975391980e-03	1.00001871585846e+00,1.99653690600073e-02
6.91830970918934e-03	1.00001978874207e+00,2.04304213981710e-02
7.07945784384136e-03	1.00002062320709e+00,2.09063061371320e-02
7.24435960074988e-03	1.00002145767212e+00,2.13932755898120e-02
7.41310241300915e-03	1.00002264976501e+00,2.18915879483298e-02
7.58577575029181e-03	1.00002372264862e+00,2.24015074184660e-02
7.76247116628689e-03	1.00002479553223e+00,2.29233043589988e-02
7.94328234724279e-03	1.00002574920654e+00,2.34572554254864e-02
8.12830516164097e-03	1.00002706050873e+00,2.40036437184963e-02
8.31763771102668e-03	1.00002837181091e+00,2.45627589309874e-02
8.51138038202373e-03	1.00002968311310e+00,2.51348975047979e-02
8.70963589956078e-03	1.00003111362457e+00,2.57203627843803e-02
8.91250938133742e-03	1.00003266334534e+00,2.63194651813357e-02
9.12010839355906e-03	1.00003409385681e+00,2.69325223361957e-02
9.33254300796988e-03	1.00003552436829e+00,2.75598592874036e-02
9.54992586021432e-03	1.00003743171692e+00,2.82018086441075e-02
9.77237220955807e-03	1.00003921985626e+00,2.88587107627650e-02
9.99999999999996e-03	1.00004100799561e+00,2.95309139260769e-02
1.02329299228075e-02	1.00004303455353e+00,3.02187745293326e-02
1.04712854805090e-02	1.00004494190216e+00,3.09226572676027e-02
1.07151930523760e-02	1.00004720687866e+00,3.16429353309780e-02
1.09647819614318e-02	1.00004923343658e+00,3.23799905998087e-02
1.12201845430196e-02	1.00005185604095e+00,3.31342138496844e-02
1.14815362149688e-02	1.00005412101746e+00,3.39060049576841e-02
1.17489755493952e-02	1.00005662441254e+00,3.46957731109569e-02
1.20226443461741e-02	1.00005936622620e+00,3.55039370320294e-02
1.23026877081238e-02	1.00006198883057e+00,3.63309251895040e-02
1.25892541179416e-02	1.00006508827209e+00,3.71771760345898e-02
1.28824955169313e-02	1.00006806850433e+00,3.80431382281055e-02
1.31825673855640e-02	1.00007116794586e+00,3.89292708806110e-02
1.34896288259165e-02	1.00007462501526e+00,3.98360437938088e-02
1.38038426460288e-02	1.00007820129395e+00,4.07639377116873e-02
1.41253754462275e-02	1.00008165836334e+00,4.17134445737809e-02
1.44543977074592e-02	1.00008583068848e+00,4.26850677735124e-02
1.47910838816820e-02	1.00008988380432e+00,4.36793224326293e-02
1.51356124843620e-02	1.00009405612946e+00,4.46967356642043e-02
1.54881661891247e-02	1.00009822845459e+00,4.57378468585065e-02
1.58489319246111e-02	1.00010299682617e+00,4.68032079659074e-02
1.62181009735892e-02	1.00010800361633e+00,4.78933837929162e-02
1.65958690743755e-02	1.00011301040649e+00,4.90089522948264e-02
1.69824365246174e-02	1.00011837482452e+00,5.01505048861506e-02
1.73780082874937e-02	1.00012362003326e+00,5.13186467561366e-02
1.77827941003891e-02	1.00012958049774e+00,5.25139971825907e-02
1.81970085860997e-02	1.00013589859009e+00,5.37371898668754e-02
1.86208713666286e-02	1.00014209747314e+00,5.49888732634019e-02
1.90546071796324e-02	1.00014901161194e+00,5.62697109281810e-02
1.94984459975804e-02	1.00015604496002e+00,5.75803818669498e-02
1.99526231496887e-02	1.00016343593597e+00,5.89215808951574e-02
2.04173794466952e-02	1.00017094612122e+00,6.02940190055733e-02
2.08929613085403e-02	1.00017893314362e+00,6.16984237456368e-02
2.13796208950222e-02	1.00018763542175e+00,6.31355396011593e-02
2.18776162394954e-02	1.00019621849060e+00,6.46061283940023e-02
2.23872113856833e-02	1.00020551681519e+00,6.61109696810255e-02
2.29086765276776e-02	1.00021529197693e+00,6.76508611674353e-02
2.34422881531991e-02	1.00022554397583e+00,6.92266191315671e-02
2.39883291901948e-02	1.00023627281189e+00,7.08390788492451e-02
2.45470891568502e-02	1.00024724006653e+00,7.24890950486337e-02
2.51188643150957e-02	1.00025904178619e+00,7.41775423502674e-02
2.57039578276885e-02	1.00027096271515e+00,7.59053157379963e-02
2.63026799189537e-02	1.00028383731842e+00,7.76733310240020e-02
2.69153480392690e-02	1.00029730796814e+00,7.94825253400725e-02
2.75422870333815e-02	1.00031125545502e+00,8.13338576297230e-02
2.81838293126444e-02	1.00032603740692e+00,8.32283091581047e-02
2.88403150312659e-02	1.00034141540527e+00,8.51668840278429e-02
2.95120922666637e-02	1.00035727024078e+00,8.71506097075798e-02
3.01995172040200e-02	1.00037443637848e+00,8.91805375825412e-02
3.09029543251357e-02	1.00039184093475e+00,9.12577435034075e-02
3.16227766016836e-02	1.00041019916534e+00,9.33833283538206e-02
3.23593656929626e-02	1.00042974948883e+00,9.55584186390659e-02
3.31131121482589e-02	1.00045001506805e+00,9.77841670730601e-02
3.38844156139201e-02	1.00047111511230e+00,1.00061753192444e-01
3.46736850452530e-02	1.00049340724945e+00,1.02392383974063e-01
3.54813389233573e-02	1.00051653385162e+00,1.04777294480402e-01
3.63078054770099e-02	1.00054097175598e+00,1.07217748498236e-01
3.71535229097170e-02	1.00056636333466e+00,1.09715039216258e-01
3.80189396320559e-02	1.00059318542480e+00,1.12270489906927e-01
3.89045144994278e-02	1.00062096118927e+00,1.14885454618490e-01
3.98107170553495e-02	1.00065040588379e+00,1.17561318885634e-01
4.07380277804110e-02	1.00068104267120e+00,1.20299500471481e-01
4.16869383470333e-02	1.00071322917938e+00,1.23101450104499e-01
4.26579518801590e-02	1.00074672698975e+00,1.25968652249294e-01
4.36515832240163e-02	1.00078165531158e+00,1.28902625881635e-01
4.46683592150960e-02	1.00081872940063e+00,1.31904925290593e-01
4.57088189614872e-02	1.00085735321045e+00,1.34977140896757e-01
4.67735141287195e-02	1.00089764595032e+00,1.38120900096726e-01
4.78630092322635e-02	1.00093996524811e+00,1.41337868086412e-01
4.89778819368443e-02	1.00098431110382e+00,1.44629748791074e-01
5.01187233627269e-02	1.00103092193604e+00,1.47998285712344e-01
5.12861383991362e-02	1.00107920169830e+00,1.51445262856563e-01
5.24807460249769e-02	1.00113034248352e+00,1.54972505685144e-01
5.37031796370249e-02	1.00118350982666e+00,1.58581882059853e-01
5.49540873857621e-02	1.00123918056488e+00,1.62275303218577e-01
5.62341325190346e-02	1.00129747390747e+00,1.66054724781594e-01
5.75439937337153e-02	1.00135874748230e+00,1.69922147793408e-01
5.88843655355585e-02	1.00142264366150e+00,1.73879619723937e-01
6.02559586074354e-02	1.00148975849152e+00,1.77929235591663e-01
6.16595001861478e-02	1.00156009197235e+00,1.82073139030888e-01
6.30957344480189e-02	1.00163352489471e+00,1.86313523411493e-01
6.45654229034651e-02	1.00171065330505e+00,1.90652632990899e-01
6.60693448007592e-02	1.00179111957550e+00,1.95092764082955e-01
6.76082975391978e-02	1.00187563896179e+00,1.99636266248858e-01
6.91830970918932e-02	1.00196409225464e+00,2.04285543535502e-01
7.07945784384133e-02	1.00205636024475e+00,2.09043055710438e-01
7.24435960074985e-02	1.00215339660645e+00,2.13911319544271e-01
7.41310241300913e-02	1.00225496292114e+00,2.18892910128628e-01
7.58577575029179e-02	1.00236105918884e+00,2.23990462197519e-01
7.76247116628687e-02	1.00247240066528e+00,2.29206671509679e-01
7.94328234724276e-02	1.00258910655975e+00,2.34544296220748e-01
8.12830516164094e-02	1.00271105766296e+00,2.40006158331683e-01
8.31763771102666e-02	1.00283861160278e+00,2.45595145130394e-01
8.51138038202371e-02	1.00297248363495e+00,2.51314210704529e-01
8.70963589956075e-02	1.00311255455017e+00,2.57166377423767e-01
8.91250938133740e-02	1.00325918197632e+00,2.63154737549165e-01
9.12010839355904e-02	1.00341272354126e+00,2.69282454767966e-01
9.33254300796985e-02	1.00357365608215e+00,2.75552765848685e-01
9.54992586021430e-02	1.00374197959900e+00,2.81968982286030e-01
9.77237220955804e-02	1.00391840934753e+00,2.88534492018668e-01
9.99999999999993e-02	1.00410294532776e+00,2.95252761114804e-01
1.02329299228075e-01	1.00429606437683e+00,3.02127335581425e-01
1.04712854805089e-01	1.00449883937836e+00,3.09161843126112e-01
1.07151930523760e-01	1.00471055507660e+00,3.16359995047595e-01
1.09647819614318e-01	1.00493276119232e+00,3.23725588058555e-01
1.12201845430196e-01	1.00516510009766e+00,3.31262506267656e-01
1.14815362149687e-01	1.00540840625763e+00,3.38974723083661e-01
1.17489755493952e-01	1.00566315650940e+00,3.46866303238123e-01
1.20226443461740e-01	1.00592994689941e+00,3.54941404825019e-01
1.23026877081237e-01	1.00620925426483e+00,3.63204281370883e-01
1.25892541179416e-01	1.00650203227997e+00,3.71659283959139e-01
1.28824955169312e-01	1.00680851936340e+00,3.80310863412035e-01
1.31825673855640e-01	1.00712919235229e+00,3.89163572475972e-01
1.34896288259164e-01	1.00746488571167e+00,3.98222068074583e-01
1.38038426460287e-01	1.00781679153442e+00,4.07491113609254e-01
1.41253754462274e-01	1.00818490982056e+00,4.16975581293524e-01
1.44543977074592e-01	1.00857055187225e+00,4.26680454531530e-01
1.47910838816820e-01	1.00897431373596e+00,4.36610830381151e-01
1.51356124843620e-01	1.00939702987671e+00,4.46771921915516e-01
1.54881661891247e-01	1.00983941555023e+00,4.57169060909765e-01
1.58489319246110e-01	1.01030313968658e+00,4.67807700222879e-01
1.62181009735892e-01	1.01078844070435e+00,4.78693416572536e-01
1.65958690743755e-01	1.01129698753357e+00,4.89831913018583e-01
1.69824365246173e-01	1.01182878017426e+00,5.01229021825982e-01
1.73780082874936e-01	1.01238608360291e+00,5.12890707073643e-01
1.77827941003891e-01	1.01296925544739e+00,5.24823067527535e-01
1.81970085860997e-01	1.01358020305634e+00,5.37032339439248e-01
1.86208713666285e-01	1.01421988010406e+00,5.49524899398777e-01
1.90546071796323e-01	1.01488947868347e+00,5.62307267353316e-01
1.94984459975803e-01	1.01559066772461e+00,5.75386109405826e-01
1.99526231496886e-01	1.01632475852966e+00,5.88768240999849e-01
2.04173794466951e-01	1.01709377765656e+00,6.02460629840043e-01
2.08929613085402e-01	1.01789832115173e+00,6.16470399056674e-01
2.13796208950222e-01	1.01874148845673e+00,6.30804830268448e-01
2.18776162394954e-01	1.01962375640869e+00,6.45471366814762e-01
2.23872113856832e-01	1.02054774761200e+00,6.60477616947292e-01
2.29086765276776e-01	1.02151489257812e+00,6.75831356987695e-01
2.34422881531990e-01	1.02252793312073e+00,6.91540534722489e-01
2.39883291901947e-01	1.02358853816986e+00,7.07613272594638e-01
2.45470891568501e-01	1.02469909191132e+00,7.24057871098429e-01
2.51188643150956e-01	1.02586150169373e+00,7.40882812140462e-01
2.57039578276884e-01	1.02707886695862e+00,7.58096762319328e-01
2.63026799189536e-01	1.02835333347321e+00,7.75708576469565e-01
2.69153480392689e-01	1.02968764305115e+00,7.93727300954882e-01
2.75422870333815e-01	1.03108465671539e+00,8.12162177090143e-01
2.81838293126443e-01	1.03254747390747e+00,8.31022644678541e-01
2.88403150312658e-01	1.03407907485962e+00,8.50318345291273e-01
2.95120922666636e-01	1.03568267822266e+00,8.70059125831821e-01
3.01995172040199e-01	1.03736126422882e+00,8.90255041815633e-01
3.09029543251357e-01	1.03911864757538e+00,9.10916360873413e-01
3.16227766016835e-01	1.04095888137817e+00,9.32053566091787e-01
3.23593656929626e-01	1.04288530349731e+00,9.53677359279429e-01
3.31131121482588e-01	1.04490220546722e+00,9.75798664463578e-01
3.38844156139200e-01	1.04701364040375e+00,9.98428630878342e-01
3.46736850452529e-01	1.04922425746918e+00,1.02157863640022e+00
3.54813389233573e-01	1.05153858661652e+00,1.04526029050255e+00
3.63078054770098e-01	1.05396127700806e+00,1.06948543740640e+00
3.71535229097170e-01	1.05649781227112e+00,1.09426615901469e+00
3.80189396320558e-01	1.05915284156799e+00,1.11961477768364e+00
3.89045144994277e-01	1.06193256378174e+00,1.14554385905525e+00
3.98107170553494e-01	1.06484258174896e+00,1.17206621454412e+00
4.07380277804109e-01	1.06788861751556e+00,1.19919490385823e+00
4.16869383470332e-01	1.07107758522034e+00,1.22694323726215e+00
4.26579518801589e-01	1.07441556453705e+00,1.25532477747444e+00
4.36515832240162e-01	1.07790982723236e+00,1.28435334189017e+00
4.46683592150959e-01	1.08156764507294e+00,1.31404300373291e+00
4.57088189614871e-01	1.08539640903473e+00,1.34440809391143e+00
4.67735141287194e-01	1.08940410614014e+00,1.37546320173792e+00
4.78630092322634e-01	1.09359896183014e+00,1.40722317583603e+00
4.89778819368442e-01	1.09799003601074e+00,1.43970312468299e+00
5.01187233627268e-01	1.10258579254150e+00,1.47291841647403e+00
5.12861383991360e-01	1.10739624500275e+00,1.50688467885140e+00
5.24807460249768e-01	1.11243104934692e+00,1.54161779830801e+00
5.37031796370248e-01	1.11770021915436e+00,1.57713391847982e+00
5.49540873857620e-01	1.12321519851685e+00,1.61344943884489e+00
5.62341325190344e-01	1.12898707389832e+00,1.65058101203991e+00
5.75439937337152e-01	1.13502752780914e+00,1.68854554102782e+00
5.88843655355584e-01	1.14134895801544e+00,1.72736017538441e+00
6.02559586074352e-01	1.14796423912048e+00,1.76704230707000e+00
6.16595001861477e-01	1.15488672256470e+00,1.80760956510334e+00
6.30957344480188e-01	1.16213095188141e+00,1.84907980988316e+00
6.45654229034650e-01	1.16971111297607e+00,1.89147112607316e+00
6.60693448007590e-01	1.17764246463776e+00,1.93480181487715e+00
6.76082975391976e-01	1.18594121932983e+00,1.97909038523001e+00
6.91830970918930e-01	1.19462466239929e+00,2.02435554385019e+00
7.07945784384132e-01	1.20370912551880e+00,2.07061618392352e+00
7.24435960074984e-01	1.21321380138397e+00,2.11789137275694e+00
7.41310241300911e-01	1.22315669059753e+00,2.16620033813124e+00
7.58577575029177e-01	1.23355865478516e+00,2.21556245270231e+00
7.76247116628685e-01	1.24443960189819e+00,2.26599721735872e+00
7.94328234724274e-01	1.25582134723663e+00,2.31752424289895e+00
8.12830516164092e-01	1.26772642135620e+00,2.37016322929622e+00
8.31763771102663e-01	1.28017795085907e+00,2.42393394393333e+00
8.51138038202369e-01	1.29320049285889e+00,2.47885619728966e+00
8.70963589956073e-01	1.30681967735291e+00,2.53494981651406e+00
8.91250938133737e-01	1.32106173038483e+00,2.59223461691054e+00
9.12010839355901e-01	1.33595418930054e+00,2.65073037098468e+00
9.33254300796982e-01	1.35152578353882e+00,2.71045677480655e+00
9.54992586021427e-01	1.36780679225922e+00,2.77143341147346e+00
9.77237220955801e-01	1.38482785224915e+00,2.83367971248569e+00
9.99999999999990e-01	1.40262138843536e+00,2.89721491519190e+00
1.02329299228074e+00	1.42122125625610e+00,2.96205801736159e+00
1.04712854805089e+00	1.44066214561462e+00,3.02822772877593e+00
1.07151930523760e+00	1.46098065376282e+00,3.09574241883417e+00
1.09647819614317e+00	1.48221421241760e+00,3.16462006058233e+00
1.12201845430195e+00	1.50440216064453e+00,3.23487817059476e+00
1.14815362149687e+00	1.52758502960205e+00,3.30653374557603e+00
1.17489755493952e+00	1.55180549621582e+00,3.37960319365033e+00
1.20226443461740e+00	1.57710659503937e+00,3.45410226201880e+00
1.23026877081237e+00	1.60353422164917e+00,3.53004595960247e+00
1.25892541179415e+00	1.63113522529602e+00,3.60744847469794e+00
1.28824955169312e+00	1.65995812416077e+00,3.68632308807941e+00
1.31825673855639e+00	1.69005370140076e+00,3.76668208116771e+00
1.34896288259164e+00	1.72147345542908e+00,3.84853663742309e+00
1.38038426460287e+00	1.75427138805389e+00,3.93189673991622e+00
1.41253754462274e+00	1.78850340843201e+00,4.01677106271935e+00
1.44543977074591e+00	1.82422649860382e+00,4.10316685581937e+00
1.47910838816819e+00	1.86150026321411e+00,4.19108982542313e+00
1.51356124843619e+00	1.90038537979126e+00,4.28054400710700e+00
1.54881661891247e+00	1.94094502925873e+00,4.37153163332870e+00
1.58489319246110e+00	1.98324346542358e+00,4.46405299573505e+00
1.62181009735891e+00	2.02734768390656e+00,4.55810629988025e+00
1.65958690743754e+00	2.07332563400269e+00,4.65368751517387e+00
1.69824365246173e+00	2.12124729156494e+00,4.75079021816092e+00
1.73780082874936e+00	2.17118489742279e+00,4.84940543054374e+00
1.77827941003890e+00	2.22321188449860e+00,4.94952145096965e+00
1.81970085860996e+00	2.27740299701691e+00,5.05112368221088e+00
1.86208713666285e+00	2.33383584022522e+00,5.15419445211036e+00
1.90546071796323e+00	2.39258825778961e+00,5.25871283165442e+00
1.94984459975802e+00	2.45373988151550e+00,5.36465444691980e+00
1.99526231496886e+00	2.51737248897552e+00,5.47199128868961e+00
2.04173794466951e+00	2.58356809616089e+00,5.58069151903368e+00
2.08929613085402e+00	2.65241026878357e+00,5.69071927431090e+00
2.13796208950221e+00	2.72398352622986e+00,5.80203446893065e+00
2.18776162394953e+00	2.79837334156036e+00,5.91459259699996e+00
2.23872113856832e+00	2.87566554546356e+00,6.02834453630173e+00
2.29086765276775e+00	2.95594644546509e+00,6.14323635173083e+00
2.34422881531990e+00	3.03930270671844e+00,6.25920910518117e+00
2.39883291901946e+00	3.12582147121429e+00,6.37619866846842e+00
2.45470891568500e+00	3.21558833122253e+00,6.49413554210751e+00
2.51188643150955e+00	3.30868947505951e+00,6.61294468444403e+00
2.57039578276884e+00	3.40520954132080e+00,6.73254534913394e+00
2.63026799189535e+00	3.50523293018341e+00,6.85285093547097e+00
2.69153480392689e+00	3.60884177684784e+00,6.97376885389267e+00
2.75422870333814e+00	3.71611607074738e+00,7.09520040612309e+00
2.81838293126442e+00	3.82713460922241e+00,7.21704068737867e+00
2.88403150312657e+00	3.94197237491608e+00,7.33917850716809e+00
2.95120922666635e+00	4.06070232391357e+00,7.46149633746793e+00
3.01995172040198e+00	4.18339288234711e+00,7.58387028404581e+00
3.09029543251355e+00	4.31010937690735e+00,7.70617009161025e+00
3.16227766016834e+00	4.44091188907623e+00,7.82825917861328e+00
3.23593656929624e+00	4.57585597038269e+00,7.94999470718074e+00
3.31131121482587e+00	4.71499145030975e+00,8.07122769185668e+00
3.38844156139199e+00	4.85836243629456e+00,8.19180314835441e+00
3.46736850452528e+00	5.00600636005402e+00,8.31156028372366e+00
3.54813389233571e+00	5.15795290470123e+00,8.43033273281272e+00
3.63078054770097e+00	5.31422543525696e+00,8.54794884102553e+00
3.71535229097168e+00	5.47483813762665e+00,8.66423199478322e+00
3.80189396320557e+00	5.63979744911194e+00,8.77900100370153e+00
3.89045144994276e+00	5.80909967422485e+00,8.89207053025585e+00
3.98107170553492e+00	5.98273277282715e+00,9.00325157539054e+00
4.07380277804108e+00	6.16067278385162e+00,9.11235201096527e+00
4.16869383470330e+00	6.34288704395294e+00,9.21917716413418e+00
4.26579518801587e+00	6.52933132648468e+00,9.32353045387459e+00
4.36515832240161e+00	6.71994984149933e+00,9.42521407110024e+00
4.46683592150958e+00	6.91467547416687e+00,9.52402970734632e+00
4.57088189614869e+00	7.11342954635620e+00,9.61977932335265e+00
4.67735141287192e+00	7.31612098217010e+00,9.71226595830417e+00
4.78630092322632e+00	7.52264690399170e+00,9.80129456899497e+00
4.89778819368440e+00	7.73289191722870e+00,9.88667290336132e+00
5.01187233627266e+00	7.94672846794128e+00,9.96821238919325e+00
5.12861383991358e+00	8.16401720046997e+00,1.00457290469153e+01
5.24807460249766e+00	8.38460612297058e+00,1.01190444049692e+01
5.37031796370246e+00	8.60833239555359e+00,1.01879864201841e+01
5.49540873857618e+00	8.83502101898193e+00,1.02523903891473e+01
5.62341325190342e+00	9.06448590755463e+00,1.03120998480839e+01
5.75439937337150e+00	9.29653155803680e+00,1.03669674463888e+01
5.88843655355581e+00	9.53095126152039e+00,1.04168557888275e+01
6.02559586074350e+00	9.76752936840057e+00,1.04616382368610e+01
6.16595001861474e+00	1.00060420036316e+01,1.05011996627016e+01
6.30957344480185e+00	1.02462568283081e+01,1.05354371455802e+01
6.45654229034647e+00	1.04879349470139e+01,1.05642605993848e+01
6.60693448007587e+00	1.07308315038681e+01,1.05875933344884e+01
6.76082975391973e+00	1.09746966362000e+01,1.06053725389130e+01
6.91830970918928e+00	1.12192757129669e+01,1.06175496718915e+01
7.07945784384129e+00	1.14643120765686e+01,1.06240907754638e+01
7.24435960074981e+00	1.17095463275909e+01,1.06249766902309e+01
7.41310241300908e+00	1.19547188282013e+01,1.06202031733154e+01
7.58577575029174e+00	1.21995699405670e+01,1.06097809282847e+01
7.76247116628682e+00	1.24438415765762e+01,1.05937355316428e+01
7.94328234724271e+00	1.26872771978378e+01,1.05721072641306e+01
8.12830516164089e+00	1.29296251535416e+01,1.05449508533385e+01
8.31763771102660e+00	1.31706377267838e+01,1.05123351204768e+01
8.51138038202365e+00	1.34100719690323e+01,1.04743425430132e+01
8.70963589956069e+00	1.36476930379868e+01,1.04310687353448e+01
8.91250938133734e+00	1.38832716941833e+01,1.03826218563965e+01
9.12010839355898e+00	1.41165884733200e+01,1.03291219441435e+01
9.33254300796979e+00	1.43474315404892e+01,1.02707001924566e+01
9.54992586021423e+00	1.45755996704102e+01,1.02074981748205e+01
9.77237220955798e+00	1.48009015321732e+01,1.01396670205656e+01
9.99999999999987e+00	1.50231564044952e+01,1.00673665525019e+01
1.02329299228074e+01	1.52421948909760e+01,9.99076440937488e+00
1.04712854805089e+01	1.54578590393066e+01,9.91003512950678e+00
1.07151930523759e+01	1.56700034141541e+01,9.82535923790739e+00
1.09647819614317e+01	1.58784940242767e+01,9.73692232753049e+00
1.12201845430195e+01	1.60832087993622e+01,9.64491414139736e+00
1.14815362149687e+01	1.62840386629105e+01,9.54952767185062e+00
1.17489755493951e+01	1.64808862209320e+01,9.45095827737195e+00
1.20226443461740e+01	1.66736660003662e+01,9.34940282498679e+00
1.23026877081236e+01	1.68623051643372e+01,9.24505886345996e+00
1.25892541179415e+01	1.70467418432236e+01,9.13812383183596e+00
1.28824955169312e+01	1.72269263267517e+01,9.02879431178070e+00
1.31825673855639e+01	1.74028191566467e+01,8.91726531721926e+00
1.34896288259164e+01	1.75743920803070e+01,8.80372963731594e+00
1.38038426460287e+01	1.77416270971298e+01,8.68837722455670e+00
1.41253754462274e+01	1.79045159816742e+01,8.57139463096960e+00
1.44543977074591e+01	1.80630598068237e+01,8.45296450072331e+00
1.47910838816819e+01	1.82172689437866e+01,8.33326510999625e+00
1.51356124843619e+01	1.83671618700027e+01,8.21246995932069e+00
1.54881661891246e+01	1.85127652883530e+01,8.09074741363113e+00
1.58489319246109e+01	1.86541121006012e+01,7.96826039999191e+00
1.62181009735891e+01	1.87912436723709e+01,7.84516614045226e+00
1.65958690743754e+01	1.89242060184479e+01,7.72161593997865e+00
1.69824365246172e+01	1.90530520677567e+01,7.59775501558611e+00
1.73780082874935e+01	1.91778399944305e+01,7.47372236710267e+00
1.77827941003890e+01	1.92986317873001e+01,7.34965068609727e+00
1.81970085860996e+01	1.94154947996140e+01,7.22566630123652e+00
1.86208713666284e+01	1.95284993648529e+01,7.10188916050395e+00
1.90546071796322e+01	1.96377195119858e+01,6.97843283943988e+00
1.94984459975802e+01	1.97432323694229e+01,6.85540458103958e+00
1.99526231496885e+01	1.98451164960861e+01,6.73290536080489e+00
2.04173794466950e+01	1.99434540271759e+01,6.61102997564777e+00
2.08929613085401e+01	2.00383273363113e+01,6.48986715230950e+00
2.13796208950220e+01	2.01298210620880e+01,6.36949966532068e+00
2.18776162394952e+01	2.02180207967758e+01,6.25000449312473e+00
2.23872113856831e+01	2.03030126094818e+01,6.13145296422699e+00
2.29086765276774e+01	2.03848825693130e+01,6.01391092502741e+00
2.34422881531989e+01	2.04637175798416e+01,5.89743891372495e+00
2.39883291901946e+01	2.05396044254303e+01,5.78209234419631e+00
2.45470891568500e+01	2.06126288175583e+01,5.66792170461986e+00
2.51188643150954e+01	2.06828767061234e+01,5.55497273051258e+00
2.57039578276883e+01	2.07504328489304e+01,5.44328661593048e+00
2.63026799189534e+01	2.08153811693192e+01,5.33290020602099e+00
2.69153480392688e+01	2.08778051137924e+01,5.22384619304476e+00
2.75422870333813e+01	2.09377862215042e+01,5.11615331066272e+00
2.81838293126441e+01	2.09954046010971e+01,5.00984653429474e+00
2.88403150312656e+01	2.10507398843765e+01,4.90494726413092e+00
2.95120922666634e+01	2.11038694381714e+01,4.80147352028619e+00
3.01995172040197e+01	2.11548691987991e+01,4.69944013275060e+00
3.09029543251355e+01	2.12038135528564e+01,4.59885890098223e+00
3.16227766016833e+01	2.12507755756378e+01,4.49973879426576e+00
3.23593656929624e+01	2.12958257198334e+01,4.40208610176460e+00
3.31131121482586e+01	2.13390332460403e+01,4.30590461032819e+00
3.38844156139198e+01	2.13804658651352e+01,4.21119575454407e+00
3.46736850452527e+01	2.14201887845993e+01,4.11795877546358e+00
3.54813389233570e+01	2.14582660198212e+01,4.02619086371499e+00
3.63078054770096e+01	2.14947593212128e+01,3.93588730001480e+00
3.71535229097167e+01	2.15297285318375e+01,3.84704159654623e+00
3.80189396320556e+01	2.15632325410843e+01,3.75964561318445e+00
3.89045144994275e+01	2.15953271389008e+01,3.67368969453854e+00
3.98107170553491e+01	2.16260673999786e+01,3.58916277490098e+00
4.07380277804107e+01	2.16555058956146e+01,3.50605249534055e+00
4.16869383470329e+01	2.16836942434311e+01,3.42434530518238e+00
4.26579518801586e+01	2.17106815576553e+01,3.34402656522316e+00
4.36515832240159e+01	2.17365158796310e+01,3.26508064140511e+00
4.46683592150956e+01	2.17612429857254e+01,3.18749099241879e+00
4.57088189614868e+01	2.17849074602127e+01,3.11124024949946e+00
4.67735141287191e+01	2.18075520992279e+01,3.03631029882558e+00
4.78630092322631e+01	2.18292186260223e+01,2.96268235871332e+00
4.89778819368439e+01	2.18499463796616e+01,2.89033704727009e+00
5.01187233627265e+01	2.18697739839554e+01,2.81925443790500e+00
5.12861383991357e+01	2.18887381553650e+01,2.74941414432963e+00
5.24807460249765e+01	2.19068746566772e+01,2.68079533963960e+00
5.37031796370245e+01	2.19242175817490e+01,2.61337685172356e+00
5.49540873857616e+01	2.19407998323441e+01,2.54713717540601e+00
5.62341325190340e+01	2.19566525220871e+01,2.48205454703972e+00
5.75439937337148e+01	2.19718067646027e+01,2.41810696879152e+00
5.88843655355580e+01	2.19862911701202e+01,2.35527225027539e+00
6.02559586074348e+01	2.20001336336136e+01,2.29352806232818e+00
6.16595001861473e+01	2.20133614540100e+01,2.23285194568311e+00
6.30957344480184e+01	2.20259995460510e+01,2.17322135607237e+00
6.45654229034646e+01	2.20380735397339e+01,2.11461368677799e+00
6.60693448007586e+01	2.20496065616608e+01,2.05700630332601e+00
6.76082975391971e+01	2.20606217384338e+01,2.00037656430312e+00
6.91830970918926e+01	2.20711402893066e+01,1.94470183349944e+00
7.07945784384127e+01	2.20811835527420e+01,1.88995950766375e+00
7.24435960074979e+01	2.20907710790634e+01,1.83612704425899e+00
7.41310241300906e+01	2.20999221801758e+01,1.78318194584956e+00
7.58577575029172e+01	2.21086549758911e+01,1.73110182602056e+00
7.76247116628680e+01	2.21169871091843e+01,1.67986434692787e+00
7.94328234724269e+01	2.21249356269836e+01,1.62944732164624e+00
8.12830516164086e+01	2.21325160264969e+01,1.57982866212780e+00
8.31763771102658e+01	2.21397436857224e+01,1.53098638961038e+00
8.51138038202363e+01	2.21466336250305e+01,1.48289867451581e+00
8.70963589956067e+01	2.21531994342804e+01,1.43554381389848e+00
8.91250938133731e+01	2.21594541072845e+01,1.38890025746628e+00
9.12010839355895e+01	2.21654111146927e+01,1.34294659370249e+00
9.33254300796976e+01	2.21710822582245e+01,1.29766157068264e+00
9.54992586021420e+01	2.21764789819717e+01,1.25302408913544e+00
9.77237220955795e+01	2.21816127300262e+01,1.20901319550390e+00
9.99999999999984e+01	2.21864936351776e+01,1.16560810449684e+00
1.02329299228074e+02	2.21911315917969e+01,1.12278819735366e+00
1.04712854805088e+02	2.21955364942551e+01,1.08053299408925e+00
1.07151930523759e+02	2.21997169256210e+01,1.03882217084126e+00
1.09647819614317e+02	2.22036824226379e+01,9.97635577216556e-01
1.12201845430195e+02	2.22074403762817e+01,9.56953212006084e-01
1.14815362149686e+02	2.22109981775284e+01,9.16755216245406e-01
1.17489755493951e+02	2.22143642902374e+01,8.77021890561878e-01
1.20226443461739e+02	2.22175449132919e+01,8.37733681297237e-01
1.23026877081236e+02	2.22205467224121e+01,7.98871166629539e-01
1.25892541179415e+02	2.22233761548996e+01,7.60415070451131e-01
1.28824955169311e+02	2.22260389328003e+01,7.22346251960118e-01
1.31825673855639e+02	2.22285403013229e+01,6.84645716068758e-01
1.34896288259163e+02	2.22308861017227e+01,6.47294568301049e-01
1.38038426460286e+02	2.22330807447433e+01,6.10274052956015e-01
1.41253754462273e+02	2.22351287603378e+01,5.73565518413972e-01
1.44543977074590e+02	2.22370349168777e+01,5.37150437952562e-01
1.47910838816818e+02	2.22388024330139e+01,5.01010381991762e-01
1.51356124843618e+02	2.22404357194901e+01,4.65127021562978e-01
1.54881661891245e+02	2.22419376373291e+01,4.29482114431437e-01
1.58489319246109e+02	2.22433114051819e+01,3.94057525913070e-01
1.62181009735890e+02	2.22445601224899e+01,3.58835194179392e-01
1.65958690743753e+02	2.22456864118576e+01,3.23797105972744e-01
1.69824365246172e+02	2.22466922998428e+01,2.88925359054645e-01
1.73780082874935e+02	2.22475800514221e+01,2.54202106696141e-01
1.77827941003889e+02	2.22483515739441e+01,2.19609522982580e-01
1.81970085860995e+02	2.22490081787109e+01,1.85129872202992e-01
1.86208713666284e+02	2.22495517730713e+01,1.50745453338175e-01
1.90546071796321e+02	2.22499829530716e+01,1.16438589653796e-01
1.94984459975801e+02	2.22503032684326e+01,8.21916391072364e-02
1.99526231496885e+02	2.22505127191544e+01,4.79869908793944e-02
2.04173794466949e+02	2.22506122589111e+01,1.38070272102482e-02
2.08929613085400e+02	2.22506016492844e+01,-2.03658141513756e-02
2.13796208950220e+02	2.22504810094833e+01,-5.45491440303181e-02
2.18776162394951e+02	2.22502505779266e+01,-8.87605454981895e-02
2.23872113856830e+02	2.22499089241028e+01,-1.23017629383469e-01
2.29086765276773e+02	2.22494561672211e+01,-1.57338006516966e-01
2.34422881531988e+02	2.22488908767700e+01,-1.91739343241920e-01
2.39883291901945e+02	2.22482120990753e+01,-2.26239278148398e-01
2.45470891568499e+02	2.22474186420441e+01,-2.60855546971982e-01
2.51188643150954e+02	2.22465082406998e+01,-2.95605940960968e-01
2.57039578276882e+02	2.22454798221588e+01,-3.30508223610934e-01
2.63026799189534e+02	2.22443301677704e+01,-3.65580269439931e-01
2.69153480392687e+02	2.22430574893951e+01,-4.00840029295864e-01
2.75422870333812e+02	2.22416594028473e+01,-4.36305495662225e-01
2.81838293126440e+02	2.22401325702667e+01,-4.71994765106388e-01
2.88403150312655e+02	2.22384738922119e+01,-5.07925968892323e-01
2.95120922666633e+02	2.22366800308228e+01,-5.44117384002220e-01
3.01995172040196e+02	2.22347470521927e+01,-5.80587342930585e-01
3.09029543251354e+02	2.22326712608337e+01,-6.17354323889913e-01
3.16227766016832e+02	2.22304480075836e+01,-6.54436825911603e-01
3.23593656929622e+02	2.22280726432800e+01,-6.91853583949182e-01
3.31131121482585e+02	2.22255405187607e+01,-7.29623319081838e-01
3.38844156139196e+02	2.22228461503983e+01,-7.67764995249536e-01
3.46736850452525e+02	2.22199841737747e+01,-8.06297583333276e-01
3.54813389233569e+02	2.22169485092163e+01,-8.45240324831366e-01
3.63078054770095e+02	2.22137326002121e+01,-8.84612454305511e-01
3.71535229097166e+02	2.22103304862976e+01,-9.24433449179332e-01
3.80189396320554e+02	2.22067345380783e+01,-9.64722863205338e-01
3.89045144994273e+02	2.22029374837875e+01,-1.00550047218167e+00
3.98107170553490e+02	2.21989315748215e+01,-1.04678610741905e+00
4.07380277804105e+02	2.21947087049484e+01,-1.08859983615162e+00
4.16869383470328e+02	2.21902598142624e+01,-1.13096183663674e+00
4.26579518801585e+02	2.21855757236481e+01,-1.17389246754362e+00
4.36515832240158e+02	2.21806473731995e+01,-1.21741221244383e+00
4.46683592150955e+02	2.21754640340805e+01,-1.26154174919748e+00
4.57088189614867e+02	2.21700155735016e+01,-1.30630186668918e+00
4.67735141287189e+02	2.21642903089523e+01,-1.35171358972536e+00
4.78630092322629e+02	2.21582771539688e+01,-1.39779801250427e+00
4.89778819368437e+02	2.21519634723663e+01,-1.44457640963526e+00
5.01187233627263e+02	2.21453368663788e+01,-1.49207026389479e+00
5.12861383991355e+02	2.21383835077286e+01,-1.54030109969506e+00
5.24807460249763e+02	2.21310893297195e+01,-1.58929069124758e+00
5.37031796370243e+02	2.21234391927719e+01,-1.63906086827672e+00
5.49540873857614e+02	2.21154185533524e+01,-1.68963362704210e+00
5.62341325190338e+02	2.21070106029510e+01,-1.74103108870213e+00
5.75439937337146e+02	2.20981988906860e+01,-1.79327549931747e+00
5.88843655355578e+02	2.20889655351639e+01,-1.84638916046049e+00
6.02559586074346e+02	2.20792918205261e+01,-1.90039449860399e+00
6.16595001861470e+02	2.20691592693329e+01,-1.95531405124439e+00
6.30957344480181e+02	2.20585469007492e+01,-2.01117027261216e+00
6.45654229034643e+02	2.20474340915680e+01,-2.06798592224823e+00
6.60693448007583e+02	2.20357990264893e+01,-2.12578352377386e+00
6.76082975391969e+02	2.20236184597015e+01,-2.18458572571012e+00
6.91830970918923e+02	2.20108691453934e+01,-2.24441524596750e+00
7.07945784384124e+02	2.19975253343582e+01,-2.30529455265764e+00
7.24435960074976e+02	2.19835619926453e+01,-2.36724633593622e+00
7.41310241300903e+02	2.19689509868622e+01,-2.43029289738251e+00
7.58577575029169e+02	2.19536651372910e+01,-2.49445660796505e+00
7.76247116628677e+02	2.19376748800278e+01,-2.55975960273076e+00
7.94328234724266e+02	2.19209492206573e+01,-2.62622383631492e+00
8.12830516164084e+02	2.19034565687180e+01,-2.69387104131033e+00
8.31763771102655e+02	2.18851637840271e+01,-2.76272261724193e+00
8.51138038202360e+02	2.18660367727280e+01,-2.83279976934637e+00
8.70963589956064e+02	2.18460394144058e+01,-2.90412311999580e+00
8.91250938133728e+02	2.18251340389252e+01,-2.97671304175901e+00
9.12010839355892e+02	2.18032832145691e+01,-3.05058940760819e+00
9.33254300796973e+02	2.17804459333420e+01,-3.12577139662471e+00
9.54992586021417e+02	2.17565810680389e+01,-3.20227774380282e+00
9.77237220955792e+02	2.17316448688507e+01,-3.28012635146774e+00
9.99999999999981e+02	2.17055929899216e+01,-3.35933451132428e+00
1.02329299228073e+03	2.16783789396286e+01,-3.43991854363276e+00
1.04712854805088e+03	2.16499549150467e+01,-3.52189396374069e+00
1.07151930523759e+03	2.16202704906464e+01,-3.60527503799631e+00
1.09647819614316e+03	2.15892740488052e+01,-3.69007533885633e+00
1.12201845430194e+03	2.15569132566452e+01,-3.77630677344905e+00
1.14815362149686e+03	2.15231323242188e+01,-3.86398024969640e+00
1.17489755493951e+03	2.14878753423691e+01,-3.95310520447833e+00
1.20226443461739e+03	2.14510830640793e+01,-4.04368938158427e+00
1.23026877081236e+03	2.14126946926117e+01,-4.13573891498072e+00
1.25892541179414e+03	2.13726485967636e+01,-4.22925819003240e+00
1.28824955169311e+03	2.13308807611465e+01,-4.32424970472857e+00
1.31825673855638e+03	2.12873246669769e+01,-4.42071379211757e+00
1.34896288259163e+03	2.12419128417969e+01,-4.51864848154264e+00
1.38038426460286e+03	2.11945762634277e+01,-4.61804955414118e+00
1.41253754462273e+03	2.11452426910400e+01,-4.71891026529329e+00
1.44543977074590e+03	2.10938403606415e+01,-4.82122112258139e+00
1.47910838816818e+03	2.10402932167053e+01,-4.92496971924720e+00
1.51356124843618e+03	2.09845257997513e+01,-5.03014059542465e+00
1.54881661891245e+03	2.09264600276947e+01,-5.13671518261935e+00
1.58489319246108e+03	2.08660166263580e+01,-5.24467127636080e+00
1.62181009735890e+03	2.08031146526337e+01,-5.35398336926119e+00
1.65958690743753e+03	2.07376719713211e+01,-5.46462184610982e+00
1.69824365246171e+03	2.06696059703827e+01,-5.57655340020483e+00
1.73780082874934e+03	2.05988316535950e+01,-5.68974017292931e+00
1.77827941003889e+03	2.05252646207809e+01,-5.80414025335449e+00
1.81970085860995e+03	2.04488188028336e+01,-5.91970679005817e+00
1.86208713666283e+03	2.03694077730179e+01,-6.03638871276826e+00
1.90546071796321e+03	2.02869455814362e+01,-6.15412923357235e+00
1.94984459975801e+03	2.02013448476791e+01,-6.27286712365412e+00
1.99526231496884e+03	2.01125193834305e+01,-6.39253543655877e+00
2.04173794466949e+03	2.00203838348389e+01,-6.51306173022522e+00
2.08929613085400e+03	1.99248518943787e+01,-6.63436790045216e+00
2.13796208950219e+03	1.98258404731750e+01,-6.75637012539437e+00
2.18776162394951e+03	1.97232656478882e+01,-6.87897825493246e+00
2.23872113856829e+03	1.96170480251312e+01,-7.00209686538847e+00
2.29086765276773e+03	1.95071072578430e+01,-7.12562320561346e+00
2.34422881531987e+03	1.93933677673340e+01,-7.24944908436555e+00
2.39883291901944e+03	1.92757558822632e+01,-7.37345981559520e+00
2.45470891568498e+03	1.91542022228241e+01,-7.49753394090112e+00
2.51188643150953e+03	1.90286403894424e+01,-7.62154411769188e+00
2.57039578276881e+03	1.88990082740784e+01,-7.74535634203949e+00
2.63026799189533e+03	1.87652497291565e+01,-7.86883044828392e+00
2.69153480392686e+03	1.86273128986359e+01,-7.99182005350758e+00
2.75422870333811e+03	1.84851520061493e+01,-8.11417289061501e+00
2.81838293126440e+03	1.83387280702591e+01,-8.23573014220165e+00
2.88403150312655e+03	1.81880084276199e+01,-8.35632821689342e+00
2.95120922666632e+03	1.80329686403275e+01,-8.47579763914018e+00
3.01995172040195e+03	1.78735910654068e+01,-8.59396393738552e+00
3.09029543251353e+03	1.77098677158356e+01,-8.71064781060977e+00
3.16227766016831e+03	1.75417993068695e+01,-8.82566618302462e+00
3.23593656929621e+03	1.73693958520889e+01,-8.93883159347024e+00
3.31131121482584e+03	1.71926766633987e+01,-9.04995352766218e+00
3.38844156139195e+03	1.70116728544235e+01,-9.15883864026546e+00
3.46736850452524e+03	1.68264250755310e+01,-9.26529180956913e+00
3.54813389233568e+03	1.66369863748550e+01,-9.36911580445849e+00
3.63078054770094e+03	1.64434196949005e+01,-9.47011350481716e+00
3.71535229097165e+03	1.62458010911942e+01,-9.56808723544145e+00
3.80189396320553e+03	1.60442177057266e+01,-9.66284048684156e+00
3.89045144994272e+03	1.58387693166733e+01,-9.75417824834039e+00
3.98107170553489e+03	1.56295677423477e+01,-9.84190789624608e+00
4.07380277804104e+03	1.54167370796204e+01,-9.92584047058699e+00
4.16869383470326e+03	1.52004133462906e+01,-1.00057915078060e+01
4.26579518801584e+03	1.49807450771332e+01,-1.00815814293228e+01
4.36515832240157e+03	1.47578921318054e+01,-1.01530368183012e+01
4.46683592150954e+03	1.45320259332657e+01,-1.02199917518974e+01
4.57088189614865e+03	1.43033289909363e+01,-1.02822878012857e+01
4.67735141287188e+03	1.40719953775406e+01,-1.03397756414670e+01
4.78630092322628e+03	1.38382276296616e+01,-1.03923153843352e+01
4.89778819368436e+03	1.36022397279739e+01,-1.04397784660596e+01
5.01187233627261e+03	1.33642529249191e+01,-1.04820465368648e+01
5.12861383991354e+03	1.31244969367981e+01,-1.05190144586140e+01
5.24807460249761e+03	1.28832095861435e+01,-1.05505885284983e+01
5.37031796370241e+03	1.26406333446503e+01,-1.05766886439178e+01
5.49540873857613e+03	1.23970172405243e+01,-1.05972494127200e+01
5.62341325190337e+03	1.21526151895523e+01,-1.06122180993279e+01
5.75439937337144e+03	1.19076819419861e+01,-1.06215578998235e+01
5.88843655355576e+03	1.16624774932861e+01,-1.06252456105613e+01
6.02559586074345e+03	1.14172608852386e+01,-1.06232734599653e+01
6.16595001861469e+03	1.11722922325134e+01,-1.06156488310171e+01
6.30957344480180e+03	1.09278301000595e+01,-1.06023934840887e+01
6.45654229034642e+03	1.06841316223145e+01,-1.05835441675590e+01
6.60693448007582e+03	1.04414495229721e+01,-1.05591522847481e+01
6.76082975391967e+03	1.02000334262848e+01,-1.05292833943240e+01
6.91830970918921e+03	9.96012687683105e+00,-1.04940167662062e+01
7.07945784384122e+03	9.72196793556213e+00,-1.04534449929943e+01
7.24435960074974e+03	9.48578703403473e+00,-1.04076731017885e+01
7.41310241300901e+03	9.25180661678314e+00,-1.03568191092818e+01
7.58577575029167e+03	9.02024042606354e+00,-1.03010112462380e+01
7.76247116628675e+03	8.79129314422607e+00,-1.02403892342227e+01
7.94328234724264e+03	8.56515920162201e+00,-1.01751018431223e+01
8.12830516164081e+03	8.34202194213867e+00,-1.01053073907315e+01
8.31763771102653e+03	8.12205398082733e+00,-1.00311722439692e+01
8.51138038202358e+03	7.90541648864746e+00,-9.95286937558376e+00
8.70963589956061e+03	7.69225883483887e+00,-9.87057886374168e+00
8.91250938133726e+03	7.48271799087524e+00,-9.78448528302033e+00
9.12010839355889e+03	7.27691948413849e+00,-9.69477792644830e+00
9.33254300796970e+03	7.07497596740723e+00,-9.60164969527068e+00
9.54992586021414e+03	6.87698829174042e+00,-9.50529643282425e+00
9.77237220955789e+03	6.68304514884949e+00,-9.40591487063648e+00
9.99999999999977e+03	6.49322330951691e+00,-9.30370368310469e+00
1.02329299228073e+04	6.30758655071259e+00,-9.19886071197107e+00
1.04712854805088e+04	6.12618958950043e+00,-9.09158363244933e+00
1.07151930523758e+04	5.94907367229462e+00,-8.98206878748169e+00
1.09647819614316e+04	5.77627098560333e+00,-8.87051057711142e+00
1.12201845430194e+04	5.60780131816864e+00,-8.75710034827353e+00
1.14815362149686e+04	5.44367623329163e+00,-8.64202645029945e+00
1.17489755493950e+04	5.28389716148376e+00,-8.52547356880314e+00
1.20226443461739e+04	5.12845635414124e+00,-8.40762205950159e+00
1.23026877081235e+04	4.97733724117279e+00,-8.28864755967152e+00
1.25892541179414e+04	4.83051621913910e+00,-8.16872054407213e+00
1.28824955169310e+04	4.68796110153198e+00,-8.04800654694191e+00
1.31825673855638e+04	4.54963374137878e+00,-7.92666521836509e+00
1.34896288259162e+04	4.41548860073090e+00,-7.80485049074559e+00
1.38038426460285e+04	4.28547465801239e+00,-7.68271013476260e+00
1.41253754462272e+04	4.15953588485718e+00,-7.56038564837218e+00
1.44543977074589e+04	4.03761029243469e+00,-7.43801264526701e+00
1.47910838816817e+04	3.91963279247284e+00,-7.31571991135934e+00
1.51356124843617e+04	3.80553364753723e+00,-7.19363034831622e+00
1.54881661891245e+04	3.69523978233337e+00,-7.07186002995877e+00
1.58489319246108e+04	3.58867478370667e+00,-6.95051914591750e+00
1.62181009735889e+04	3.48576080799103e+00,-6.82971128000645e+00
1.65958690743752e+04	3.38641607761383e+00,-6.70953407632260e+00
1.69824365246170e+04	3.29055869579315e+00,-6.59007862869112e+00
1.73780082874933e+04	3.19810450077057e+00,-6.47143086836149e+00
1.77827941003888e+04	3.10896742343903e+00,-6.35367017625686e+00
1.81970085860994e+04	3.02306258678436e+00,-6.23687049325963e+00
1.86208713666282e+04	2.94030320644379e+00,-6.12110032012060e+00
1.90546071796320e+04	2.86060249805450e+00,-6.00642299504761e+00
1.94984459975800e+04	2.78387379646301e+00,-5.89289613862638e+00
1.99526231496883e+04	2.71003150939941e+00,-5.78057287504635e+00
2.04173794466948e+04	2.63898885250092e+00,-5.66950138795073e+00
2.08929613085399e+04	2.57066082954407e+00,-5.55972558666690e+00
2.13796208950218e+04	2.50496363639832e+00,-5.45128432902129e+00
2.18776162394950e+04	2.44181382656097e+00,-5.34421286459110e+00
2.23872113856829e+04	2.38112843036652e+00,-5.23854236285842e+00
2.29086765276772e+04	2.32282781600952e+00,-5.13429991331213e+00
2.34422881531987e+04	2.26683104038239e+00,-5.03150952445867e+00
2.39883291901943e+04	2.21306109428406e+00,-4.93019126364379e+00
2.45470891568497e+04	2.16144096851349e+00,-4.83036231151345e+00
2.51188643150952e+04	2.11189603805542e+00,-4.73203649039351e+00
2.57039578276880e+04	2.06435298919678e+00,-4.63522518004174e+00
2.63026799189532e+04	2.01874005794525e+00,-4.53993676263781e+00
2.69153480392685e+04	1.97498774528503e+00,-4.44617723339616e+00
2.75422870333810e+04	1.93302774429321e+00,-4.35395020051510e+00
2.81838293126439e+04	1.89279484748840e+00,-4.26325694080879e+00
2.88403150312654e+04	1.85422372817993e+00,-4.17409684359154e+00
2.95120922666631e+04	1.81725227832794e+00,-4.08646735537332e+00
3.01995172040194e+04	1.78181982040405e+00,-4.00036406303843e+00
3.09029543251352e+04	1.74786734580994e+00,-3.91578097135061e+00
3.16227766016830e+04	1.71533811092377e+00,-3.83271050304029e+00
3.23593656929620e+04	1.68417668342590e+00,-3.75114380410378e+00
3.31131121482583e+04	1.65432941913605e+00,-3.67107057719113e+00
3.38844156139194e+04	1.62574493885040e+00,-3.59247949805285e+00
3.46736850452523e+04	1.59837269783020e+00,-3.51535804890591e+00
3.54813389233567e+04	1.57216477394104e+00,-3.43969268503133e+00
3.63078054770093e+04	1.54707443714142e+00,-3.36546916782390e+00
3.71535229097164e+04	1.52305674552917e+00,-3.29267231499398e+00
3.80189396320552e+04	1.50006794929504e+00,-3.22128627807251e+00
3.89045144994271e+04	1.47806596755981e+00,-3.15129448699008e+00
3.98107170553488e+04	1.45701146125793e+00,-3.08267970559245e+00
4.07380277804103e+04	1.43686413764954e+00,-3.01542453106958e+00
4.16869383470325e+04	1.41758716106415e+00,-2.94951097779267e+00
4.26579518801582e+04	1.39914512634277e+00,-2.88492028307519e+00
4.36515832240155e+04	1.38150238990784e+00,-2.82163393388328e+00
4.46683592150952e+04	1.36462593078613e+00,-2.75963280662836e+00
4.57088189614864e+04	1.34848332405090e+00,-2.69889763892570e+00
4.67735141287187e+04	1.33304405212402e+00,-2.63940894640109e+00
4.78630092322627e+04	1.31827878952026e+00,-2.58114709201618e+00
4.80000000000000e+04	1.31649160385132e+00,-2.57400005892850e+00
